version 2
run General-0-20150324-15:14:45-9572
attr configname General
attr datetime 20150324-15:14:45
attr experiment General
attr inifile omnetpp.ini
attr iterationvars ""
attr iterationvars2 $repetition=0
attr measurement ""
attr network SourceSink
attr processid 9572
attr repetition 0
attr replication #0
attr resultdir results
attr runnumber 0
attr seedset 0

vector 0  SourceSink.sink[0]  arrivals  ETV
attr interpolationmode  none
0	27	0	1
0	166	0	1
0	485	0	1
0	651	0	1
0	717	0	1
0	995	0	1
0	1111	0	1
0	1258	0	1
0	1383	0	1
0	1716	0	1
0	1857	0	1
0	1977	0	1
0	2011	0	1
0	2104	0	1
0	2261	0	1
0	2339	0	1
0	2529	0	1
0	2719	0	1
0	2765	0	1
0	2844	0	1
0	3032	0	1
0	3282	0	1
0	3343	0	1
0	3413	0	1
0	3502	0	1
0	3553	0	1
0	3607	0	1
0	3712	0	1
0	3776	0	1
0	3869	0	1
0	4158	0	1
0	4374	0	1
0	4524	0	1
0	4764	0	1
0	4878	0	1
0	4950	0	1
0	5042	0	1
0	5125	0	1
0	5227	0	1
0	5332	0	1
0	5402	0	1
0	5491	0	1
0	5655	0	1
0	5715	0	1
0	5829	0	1
0	5925	0	1
0	5993	0	1
0	6021	0	1
0	6202	0	1
0	6273	0	1
0	6434	0	1
0	6558	0	1
0	6641	0	1
0	6683	0	1
0	6779	0	1
0	6922	0	1
0	6954	0	1
0	7035	0	1
0	7102	0	1
0	7177	0	1
0	7265	0	1
0	7378	0	1
0	7446	0	1
0	7508	0	1
0	7654	0	1
0	7772	0	1
0	7871	0	1
0	7970	0	1
0	8107	0	1
0	8169	0	1
0	8257	0	1
0	8373	0	1
0	8531	0	1
0	8564	0	1
0	8649	0	1
0	8724	0	1
0	8806	0	1
0	8866	0	1
0	8996	0	1
0	9029	0	1
0	9067	0	1
0	9179	0	1
0	9275	0	1
0	9425	0	1
0	9605	0	1
0	9718	0	1
0	9796	0	1
0	9888	0	1
0	9951	0	1
0	10146	0	1
0	10213	0	1
0	10394	0	1
0	10424	0	1
0	10505	0	1
0	10613	0	1
0	10697	0	1
0	10791	0	1
0	10977	0	1
0	11100	0	1
0	11344	0	1
0	11542	0	1
0	11599	0	1
0	11679	0	1
0	11846	0	1
0	11993	0	1
0	12160	0	1
0	12242	0	1
0	12323	0	1
0	12551	0	1
0	12657	0	1
0	12734	0	1
0	12950	0	1
0	13094	0	1
0	13228	0	1
0	13372	0	1
0	13448	0	1
0	13579	0	1
0	13643	0	1
0	13740	0	1
0	13900	0	1
0	13960	0	1
0	14039	0	1
0	14131	0	1
0	14201	0	1
0	14390	0	1
0	14521	0	1
0	14592	0	1
0	14634	0	1
0	14709	0	1
0	15066	0	1
0	15243	0	1
0	15299	0	1
0	15384	0	1
0	15506	0	1
0	15622	0	1
0	15677	0	1
0	15775	0	1
0	15867	0	1
0	15965	0	1
0	16043	0	1
0	16267	0	1
0	16366	0	1
0	16496	0	1
0	16593	0	1
0	16696	0	1
0	16773	0	1
0	16841	0	1
0	16999	0	1
0	17170	0	1
0	17208	0	1
0	17236	0	1
0	17323	0	1
0	17359	0	1
0	17481	0	1
0	17551	0	1
0	17656	0	1
0	17735	0	1
0	17864	0	1
0	17964	0	1
0	18033	0	1
0	18128	0	1
0	18193	0	1
0	18272	0	1
0	18320	0	1
0	18486	0	1
0	18678	0	1
0	18726	0	1
0	18804	0	1
0	18922	0	1
0	19014	0	1
0	19121	0	1
0	19205	0	1
0	19320	0	1
0	19411	0	1
0	19454	0	1
0	19555	0	1
0	19643	0	1
0	19711	0	1
0	19769	0	1
0	19898	0	1
0	20015	0	1
0	20115	0	1
0	20214	0	1
0	20317	0	1
0	20436	0	1
0	20539	0	1
0	20669	0	1
0	20779	0	1
0	20845	0	1
0	20941	0	1
0	21048	0	1
0	21165	0	1
0	21237	0	1
0	21291	0	1
0	21381	0	1
0	21472	0	1
0	21549	0	1
0	21718	0	1
0	21781	0	1
0	21835	0	1
0	21871	0	1
0	21983	0	1
0	22040	0	1
0	22159	0	1
0	22266	0	1
0	22368	0	1
0	22447	0	1
0	22576	0	1
0	22695	0	1
0	22831	0	1
0	22905	0	1
0	23028	0	1
0	23141	0	1
0	23230	0	1
0	23293	0	1
0	23387	0	1
0	23495	0	1
0	23627	0	1
0	23687	0	1
0	23799	0	1
0	23893	0	1
0	24016	0	1
0	24113	0	1
0	24176	0	1
0	24273	0	1
0	24410	0	1
0	24522	0	1
0	24773	0	1
0	24874	0	1
0	24960	0	1
0	25068	0	1
0	25175	0	1
0	25318	0	1
0	25399	0	1
0	25539	0	1
0	25798	0	1
0	25844	0	1
0	25899	0	1
0	25967	0	1
0	25997	0	1
0	26074	0	1
0	26313	0	1
0	26436	0	1
0	26476	0	1
0	26530	0	1
0	26609	0	1
0	26778	0	1
0	26884	0	1
0	26970	0	1
0	27074	0	1
0	27142	0	1
0	27222	0	1
0	27325	0	1
0	27395	0	1
0	27521	0	1
0	27600	0	1
0	27660	0	1
0	27718	0	1
0	27790	0	1
0	27965	0	1
0	28025	0	1
0	28133	0	1
0	28269	0	1
0	28353	0	1
0	28455	0	1
0	28535	0	1
0	28593	0	1
0	28719	0	1
0	28871	0	1
0	28960	0	1
0	29063	0	1
0	29123	0	1
0	29217	0	1
0	29296	0	1
0	29394	0	1
0	29466	0	1
0	29635	0	1
0	29710	0	1
0	29772	0	1
0	29866	0	1
0	29941	0	1
0	30040	0	1
0	30100	0	1
0	30351	0	1
0	30454	0	1
0	30492	0	1
0	30594	0	1
0	30728	0	1
0	30789	0	1
0	30887	0	1
0	30964	0	1
0	31055	0	1
0	31156	0	1
0	31258	0	1
0	31384	0	1
0	31721	0	1
0	31781	0	1
0	31835	0	1
0	31905	0	1
0	32028	0	1
0	32259	0	1
0	32394	0	1
0	32541	0	1
0	32683	0	1
0	32727	0	1
0	32935	0	1
0	32977	0	1
0	33007	0	1
0	33076	0	1
0	33130	0	1
0	33177	0	1
0	33383	0	1
0	33416	0	1
0	33462	0	1
0	33544	0	1
0	33740	0	1
0	33811	0	1
0	33904	0	1
0	34000	0	1
0	34080	0	1
0	34174	0	1
0	34291	0	1
0	34411	0	1
0	34451	0	1
0	34533	0	1
0	34599	0	1
0	34671	0	1
0	34745	0	1
0	34861	0	1
0	34909	0	1
0	34981	0	1
0	35047	0	1
0	35166	0	1
0	35322	0	1
0	35432	0	1
0	35529	0	1
0	35603	0	1
0	35710	0	1
0	35800	0	1
0	35901	0	1
0	36001	0	1
0	36147	0	1
0	36205	0	1
0	36332	0	1
0	36360	0	1
0	36431	0	1
0	36621	0	1
0	36667	0	1
0	36760	0	1
0	36891	0	1
0	36970	0	1
0	37075	0	1
0	37397	0	1
0	37464	0	1
0	37560	0	1
0	37709	0	1
0	37860	0	1
0	38012	0	1
0	38281	0	1
0	38365	0	1
0	38487	0	1
0	38607	0	1
0	38697	0	1
0	38857	0	1
0	38983	0	1
0	39025	0	1
0	39089	0	1
0	39201	0	1
0	39244	0	1
0	39394	0	1
0	39465	0	1
0	39543	0	1
0	39617	0	1
0	39787	0	1
0	39925	0	1
0	39977	0	1
0	40028	0	1
0	40177	0	1
0	40268	0	1
0	40416	0	1
0	40476	0	1
0	40591	0	1
0	40739	0	1
0	40810	0	1
0	40890	0	1
0	41064	0	1
0	41156	0	1
0	41210	0	1
0	41270	0	1
0	41345	0	1
0	41427	0	1
0	41501	0	1
0	41582	0	1
0	41641	0	1
0	41714	0	1
0	42006	0	1
0	42247	0	1
0	42329	0	1
0	42420	0	1
0	42525	0	1
0	42626	0	1
0	42732	0	1
0	42786	0	1
0	42893	0	1
0	42953	0	1
0	43037	0	1
0	43124	0	1
0	43392	0	1
0	43491	0	1
0	43704	0	1
0	43775	0	1
0	43837	0	1
0	43889	0	1
0	44003	0	1
0	44046	0	1
0	44212	0	1
0	44293	0	1
0	44394	0	1
0	44522	0	1
0	44586	0	1
0	44734	0	1
0	44802	0	1
0	44856	0	1
0	44981	0	1
0	45156	0	1
0	45216	0	1
0	45307	0	1
0	45486	0	1
0	45574	0	1
0	45664	0	1
0	45790	0	1
0	45944	0	1
0	46031	0	1
0	46135	0	1
0	46220	0	1
0	46341	0	1
0	46454	0	1
0	46587	0	1
0	46672	0	1
0	46752	0	1
0	46794	0	1
0	46846	0	1
0	46953	0	1
0	46993	0	1
0	47089	0	1
0	47236	0	1
0	47468	0	1
0	47530	0	1
0	47598	0	1
0	47671	0	1
0	47747	0	1
0	47875	0	1
0	48058	0	1
0	48162	0	1
0	48261	0	1
0	48405	0	1
0	48510	0	1
0	48613	0	1
0	48732	0	1
0	48784	0	1
0	48920	0	1
0	48960	0	1
0	49042	0	1
0	49133	0	1
0	49219	0	1
0	49349	0	1
0	49436	0	1
0	49534	0	1
0	49600	0	1
0	49648	0	1
0	49791	0	1
0	50002	0	1
0	50090	0	1
0	50152	0	1
0	50367	0	1
0	50468	0	1
0	50524	0	1
0	50585	0	1
0	50668	0	1
0	50714	0	1
0	50828	0	1
0	50986	0	1
0	51092	0	1
0	51180	0	1
0	51296	0	1
0	51425	0	1
0	51530	0	1
0	51603	0	1
0	51643	0	1
0	51826	0	1
0	51911	0	1
0	51986	0	1
0	52075	0	1
0	52264	0	1
0	52427	0	1
0	52649	0	1
0	52745	0	1
0	52888	0	1
0	53000	0	1
0	53074	0	1
0	53216	0	1
0	53307	0	1
0	53410	0	1
0	53501	0	1
0	53566	0	1
0	53667	0	1
0	53739	0	1
0	53888	0	1
0	53928	0	1
0	54058	0	1
0	54098	0	1
0	54360	0	1
0	54472	0	1
0	54598	0	1
0	54652	0	1
0	54787	0	1
0	54884	0	1
0	54939	0	1
0	55094	0	1
0	55174	0	1
0	55302	0	1
0	55398	0	1
0	55491	0	1
0	55601	0	1
0	55631	0	1
0	55710	0	1
0	55875	0	1
0	56021	0	1
0	56064	0	1
0	56207	0	1
0	56327	0	1
0	56373	0	1
0	56481	0	1
0	56589	0	1
0	56695	0	1
0	56797	0	1
0	56895	0	1
0	57000	0	1
0	57105	0	1
0	57225	0	1
0	57281	0	1
0	57434	0	1
0	57519	0	1
0	57619	0	1
0	57699	0	1
0	57809	0	1
0	57852	0	1
0	57993	0	1
0	58107	0	1
0	58243	0	1
0	58285	0	1
0	58375	0	1
0	58470	0	1
0	58552	0	1
0	58660	0	1
0	58767	0	1
0	58879	0	1
0	58943	0	1
0	59114	0	1
0	59235	0	1
0	59317	0	1
0	59444	0	1
0	59730	0	1
0	59840	0	1
0	59900	0	1
0	60029	0	1
0	60111	0	1
0	60228	0	1
0	60304	0	1
0	60419	0	1
0	60570	0	1
0	60680	0	1
0	60741	0	1
0	60831	0	1
0	61004	0	1
0	61059	0	1
0	61164	0	1
0	61246	0	1
0	61331	0	1
0	61458	0	1
0	61528	0	1
0	61643	0	1
0	61701	0	1
0	61789	0	1
0	61894	0	1
0	62039	0	1
0	62113	0	1
0	62245	0	1
0	62356	0	1
0	62459	0	1
0	62537	0	1
0	62632	0	1
0	62769	0	1
0	62815	0	1
0	62897	0	1
0	62988	0	1
0	63044	0	1
0	63104	0	1
0	63351	0	1
0	63470	0	1
0	63506	0	1
0	63747	0	1
0	63783	0	1
0	63884	0	1
0	63951	0	1
0	63993	0	1
0	64076	0	1
0	64189	0	1
0	64441	0	1
0	64476	0	1
0	64580	0	1
0	64668	0	1
0	64742	0	1
0	64843	0	1
0	64958	0	1
0	65046	0	1
0	65132	0	1
0	65271	0	1
0	65393	0	1
0	65533	0	1
0	65619	0	1
0	65767	0	1
0	65856	0	1
0	65987	0	1
0	66041	0	1
0	66162	0	1
0	66244	0	1
0	66354	0	1
0	66583	0	1
0	66654	0	1
0	66751	0	1
0	66818	0	1
0	66959	0	1
0	67047	0	1
0	67112	0	1
0	67229	0	1
0	67359	0	1
0	67539	0	1
0	67602	0	1
0	67693	0	1
0	67846	0	1
0	67937	0	1
0	68014	0	1
0	68128	0	1
0	68262	0	1
0	68319	0	1
0	68405	0	1
0	68475	0	1
0	68570	0	1
0	68613	0	1
0	68712	0	1
0	68776	0	1
0	68806	0	1
0	68894	0	1
0	69088	0	1
0	69278	0	1
0	69316	0	1
0	69472	0	1
0	69570	0	1
0	69617	0	1
0	69749	0	1
0	69948	0	1
0	70017	0	1
0	70047	0	1
0	70134	0	1
0	70263	0	1
0	70366	0	1
0	70472	0	1
0	70598	0	1
0	70703	0	1
0	70777	0	1
0	70829	0	1
0	70927	0	1
0	71017	0	1
0	71107	0	1
0	71198	0	1
0	71320	0	1
0	71356	0	1
0	71538	0	1
0	71769	0	1
0	71819	0	1
0	71937	0	1
0	72002	0	1
0	72108	0	1
0	72159	0	1
0	72315	0	1
0	72555	0	1
0	72692	0	1
0	72769	0	1
0	72891	0	1
0	73027	0	1
0	73075	0	1
0	73203	0	1
0	73271	0	1
0	73368	0	1
0	73498	0	1
0	73561	0	1
0	73669	0	1
0	73723	0	1
0	73781	0	1
0	73897	0	1
0	73992	0	1
0	74104	0	1
0	74204	0	1
0	74324	0	1
0	74379	0	1
0	74468	0	1
0	74603	0	1
0	74690	0	1
0	74750	0	1
0	74829	0	1
0	74898	0	1
0	74976	0	1
0	75073	0	1
0	75123	0	1
0	75177	0	1
0	75410	0	1
0	75479	0	1
0	75570	0	1
0	75815	0	1
0	75845	0	1
0	75945	0	1
0	76001	0	1
0	76136	0	1
0	76220	0	1
0	76307	0	1
0	76355	0	1
0	76421	0	1
0	76489	0	1
0	76583	0	1
0	76659	0	1
0	76863	0	1
0	76916	0	1
0	77014	0	1
0	77148	0	1
0	77273	0	1
0	77437	0	1
0	77497	0	1
0	77573	0	1
0	77727	0	1
0	77810	0	1
0	77846	0	1
0	78049	0	1
0	78172	0	1
0	78226	0	1
0	78312	0	1
0	78387	0	1
0	78480	0	1
0	78569	0	1
0	78741	0	1
0	78862	0	1
0	78938	0	1
0	79028	0	1
0	79141	0	1
0	79258	0	1
0	79371	0	1
0	79450	0	1
0	79554	0	1
0	79641	0	1
0	79829	0	1
0	80066	0	1
0	80269	0	1
0	80367	0	1
0	80497	0	1
0	80578	0	1
0	80735	0	1
0	80904	0	1
0	80944	0	1
0	81024	0	1
0	81135	0	1
0	81324	0	1
0	81411	0	1
0	81478	0	1
0	81549	0	1
0	81633	0	1
0	81689	0	1
0	81859	0	1
0	81937	0	1
0	82023	0	1
0	82152	0	1
0	82280	0	1
0	82360	0	1
0	82390	0	1
0	82469	0	1
0	82590	0	1
0	82831	0	1
0	82882	0	1
0	82974	0	1
0	83069	0	1
0	83246	0	1
0	83297	0	1
0	83394	0	1
0	83545	0	1
0	83631	0	1
0	83708	0	1
0	83777	0	1
0	83847	0	1
0	83987	0	1
0	84172	0	1
0	84229	0	1
0	84399	0	1
0	84467	0	1
0	84607	0	1
0	84746	0	1
0	84820	0	1
0	84955	0	1
0	85054	0	1
0	85187	0	1
0	85225	0	1
0	85299	0	1
0	85483	0	1
0	85613	0	1
0	85685	0	1
0	85777	0	1
0	85912	0	1
0	85951	0	1
0	86121	0	1
0	86246	0	1
0	86330	0	1
0	86465	0	1
0	86517	0	1
0	86636	0	1
0	86694	0	1
0	86840	0	1
0	86977	0	1
0	87246	0	1
0	87331	0	1
0	87403	0	1
0	87611	0	1
0	87720	0	1
0	87891	0	1
0	87983	0	1
0	88021	0	1
0	88161	0	1
0	88221	0	1
0	88303	0	1
0	88393	0	1
0	88455	0	1
0	88513	0	1
0	88735	0	1
0	88795	0	1
0	88873	0	1
0	89028	0	1
0	89153	0	1
0	89264	0	1
0	89307	0	1
0	89479	0	1
0	89554	0	1
0	89596	0	1
0	89659	0	1
0	89827	0	1
0	89973	0	1
0	90025	0	1
0	90083	0	1
0	90165	0	1
0	90356	0	1
0	90416	0	1
0	90522	0	1
0	90649	0	1
0	90708	0	1
0	90797	0	1
0	90925	0	1
0	91050	0	1
0	91114	0	1
0	91250	0	1
0	91379	0	1
0	91470	0	1
0	91598	0	1
0	91894	0	1
0	91950	0	1
0	92045	0	1
0	92215	0	1
0	92434	0	1
0	92490	0	1
0	92550	0	1
0	92653	0	1
0	92732	0	1
0	92860	0	1
0	92900	0	1
0	93068	0	1
0	93250	0	1
0	93308	0	1
0	93402	0	1
0	93482	0	1
0	93614	0	1
0	93685	0	1
0	93798	0	1
0	93894	0	1
0	93965	0	1
0	94095	0	1
0	94242	0	1
0	94285	0	1
0	94399	0	1
0	94460	0	1
0	94534	0	1
0	94578	0	1
0	94740	0	1
0	94780	0	1
0	95015	0	1
0	95072	0	1
0	95137	0	1
0	95189	0	1
0	95254	0	1
0	95338	0	1
0	95380	0	1
0	95513	0	1
0	95614	0	1
0	95762	0	1
0	95845	0	1
0	95950	0	1
0	95990	0	1
0	96052	0	1
0	96120	0	1
0	96398	0	1
0	96431	0	1
0	96523	0	1
0	96582	0	1
0	96799	0	1
0	96928	0	1
0	96956	0	1
0	97046	0	1
0	97112	0	1
0	97285	0	1
0	97316	0	1
0	97403	0	1
0	97439	0	1
0	97469	0	1
0	97564	0	1
0	97775	0	1
0	97936	0	1
0	97991	0	1
0	98127	0	1
0	98252	0	1
0	98322	0	1
0	98388	0	1
0	98456	0	1
0	98534	0	1
0	98580	0	1
0	98688	0	1
0	98905	0	1
0	98987	0	1
0	99057	0	1
0	99182	0	1
0	99312	0	1
0	99374	0	1
0	99483	0	1
0	99543	0	1
0	99679	0	1
0	99746	0	1
0	99827	0	1
0	99916	0	1
0	99980	0	1
0	100082	0	1
0	100430	0	1
0	100568	0	1
0	100671	0	1
0	100750	0	1
0	100834	0	1
0	101019	0	1
0	101101	0	1
0	101161	0	1
0	101326	0	1
0	101440	0	1
0	101547	0	1
0	101645	0	1
0	101758	0	1
0	101897	0	1
0	101974	0	1
0	102069	0	1
0	102189	0	1
0	102323	0	1
0	102377	0	1
0	102481	0	1
0	102570	0	1
0	102664	0	1
0	102905	0	1
0	102944	0	1
0	103028	0	1
0	103058	0	1
0	103094	0	1
0	103233	0	1
0	103293	0	1
0	103453	0	1
0	103554	0	1
0	103624	0	1
0	103699	0	1
0	103781	0	1
0	103918	0	1
0	103999	0	1
0	104107	0	1
0	104258	0	1
0	104368	0	1
0	104428	0	1
0	104502	0	1
0	104623	0	1
0	104727	0	1
0	104798	0	1
0	104895	0	1
0	105011	0	1
0	105083	0	1
0	105159	0	1
0	105249	0	1
0	105388	0	1
0	105577	0	1
0	105769	0	1
0	106061	0	1
0	106107	0	1
0	106177	0	1
0	106205	0	1
0	106276	0	1
0	106540	0	1
0	106576	0	1
0	106672	0	1
0	106735	0	1
0	106815	0	1
0	106872	0	1
0	106988	0	1
0	107104	0	1
0	107150	0	1
0	107271	0	1
0	107390	0	1
0	107474	0	1
0	107560	0	1
0	107708	0	1
0	107816	0	1
0	107851	0	1
0	107948	0	1
0	108090	0	1
0	108144	0	1
0	108200	0	1
0	108346	0	1
0	108434	0	1
0	108511	0	1
0	108671	0	1
0	108754	0	1
0	108854	0	1
0	108888	0	1
0	109017	0	1
0	109059	0	1
0	109105	0	1
0	109282	0	1
0	109329	0	1
0	109425	0	1
0	109587	0	1
0	109711	0	1
0	109771	0	1
0	109852	0	1
0	109943	0	1
0	110140	0	1
0	110263	0	1
0	110367	0	1
0	110536	0	1
0	110650	0	1
0	110720	0	1
0	110867	0	1
0	110988	0	1
0	111146	0	1
0	111242	0	1
0	111384	0	1
0	111460	0	1
0	111520	0	1
0	111615	0	1
0	111678	0	1
0	111888	0	1
0	111956	0	1
0	112049	0	1
0	112203	0	1
0	112320	0	1
0	112421	0	1
0	112501	0	1
0	112581	0	1
0	112660	0	1
0	112827	0	1
0	112887	0	1
0	113031	0	1
0	113106	0	1
0	113216	0	1
0	113294	0	1
0	113575	0	1
0	113706	0	1
0	113784	0	1
0	113858	0	1
0	113991	0	1
0	114102	0	1
0	114217	0	1
0	114433	0	1
0	114519	0	1
0	114604	0	1
0	114746	0	1
0	114801	0	1
0	114910	0	1
0	115014	0	1
0	115064	0	1
0	115137	0	1
0	115296	0	1
0	115446	0	1
0	115500	0	1
0	115591	0	1
0	115709	0	1
0	115818	0	1
0	115883	0	1
0	115990	0	1
0	116053	0	1
0	116107	0	1
0	116175	0	1
0	116258	0	1
0	116345	0	1
0	116491	0	1
0	116617	0	1
0	116734	0	1
0	116788	0	1
0	116929	0	1
0	117111	0	1
0	117376	0	1
0	117439	0	1
0	117569	0	1
0	117651	0	1
0	117744	0	1
0	117804	0	1
0	117885	0	1
0	117973	0	1
0	118033	0	1
0	118205	0	1
0	118351	0	1
0	118460	0	1
0	118566	0	1
0	118661	0	1
0	118774	0	1
0	118834	0	1
0	118922	0	1
0	119025	0	1
0	119101	0	1
0	119143	0	1
0	119281	0	1
0	119401	0	1
0	119456	0	1
0	119610	0	1
0	119721	0	1
0	119790	0	1
0	119846	0	1
0	119988	0	1
0	120173	0	1
0	120231	0	1
0	120307	0	1
0	120428	0	1
0	120576	0	1
0	120660	0	1
0	120764	0	1
0	120942	0	1
0	121039	0	1
0	121109	0	1
0	121196	0	1
0	121378	0	1
0	121466	0	1
0	121526	0	1
0	121675	0	1
0	121837	0	1
0	121995	0	1
0	122085	0	1
0	122208	0	1
0	122457	0	1
0	122611	0	1
0	122673	0	1
0	122735	0	1
0	122957	0	1
0	123059	0	1
0	123113	0	1
0	123188	0	1
0	123301	0	1
0	123364	0	1
0	123486	0	1
0	123596	0	1
0	123656	0	1
0	123780	0	1
0	123914	0	1
0	123978	0	1
0	124085	0	1
0	124164	0	1
0	124226	0	1
0	124361	0	1
0	124507	0	1
0	124632	0	1
0	124754	0	1
0	124830	0	1
0	124975	0	1
0	125039	0	1
0	125202	0	1
0	125245	0	1
0	125360	0	1
0	125460	0	1
0	125610	0	1
0	125642	0	1
0	125739	0	1
0	125870	0	1
0	125992	0	1
0	126089	0	1
0	126363	0	1
0	126443	0	1
0	126536	0	1
0	126656	0	1
0	126710	0	1
0	126758	0	1
0	126845	0	1
0	126938	0	1
0	127019	0	1
0	127104	0	1
0	127196	0	1
0	127278	0	1
0	127400	0	1
0	127548	0	1
0	127616	0	1
0	127733	0	1
0	127924	0	1
0	127993	0	1
0	128165	0	1
0	128220	0	1
0	128364	0	1
0	128561	0	1
0	128639	0	1
0	128705	0	1
0	128811	0	1
0	128940	0	1
0	129000	0	1
0	129092	0	1
0	129159	0	1
0	129228	0	1
0	129368	0	1
0	129494	0	1
0	129640	0	1
0	129714	0	1
0	129824	0	1
0	129884	0	1
0	129977	0	1
0	130054	0	1
0	130147	0	1
0	130330	0	1
0	130422	0	1
0	130450	0	1
0	130752	0	1
0	130876	0	1
0	130973	0	1
0	131029	0	1
0	131163	0	1
0	131286	0	1
0	131392	0	1
0	131460	0	1
0	131546	0	1
0	131617	0	1
0	131669	0	1
0	131752	0	1
0	131880	0	1
0	131922	0	1
0	132060	0	1
0	132256	0	1
0	132354	0	1
0	132425	0	1
0	132562	0	1
0	132647	0	1
0	132744	0	1
0	132803	0	1
0	132928	0	1
0	132973	0	1
0	133070	0	1
0	133224	0	1
0	133336	0	1
0	133418	0	1
0	133490	0	1
0	133617	0	1
0	133677	0	1
0	133725	0	1
0	133797	0	1
0	133975	0	1
0	134010	0	1
0	134098	0	1
0	134240	0	1
0	134356	0	1
0	134426	0	1
0	134482	0	1
0	134631	0	1
0	134697	0	1
0	134853	0	1
0	134962	0	1
0	135091	0	1
0	135151	0	1
0	135255	0	1
0	135318	0	1
0	135408	0	1
0	135519	0	1
0	135702	0	1
0	135805	0	1
0	136009	0	1
0	136247	0	1
0	136336	0	1
0	136441	0	1
0	136547	0	1
0	136607	0	1
0	136783	0	1
0	136875	0	1
0	137006	0	1
0	137060	0	1
0	137162	0	1
0	137390	0	1
0	137434	0	1
0	137621	0	1
0	137673	0	1
0	137781	0	1
0	137873	0	1
0	138069	0	1
0	138236	0	1
0	138400	0	1
0	138430	0	1
0	138541	0	1
0	138631	0	1
0	138713	0	1
0	138883	0	1
0	138972	0	1
0	139094	0	1
0	139216	0	1
0	139322	0	1
0	139450	0	1
0	139484	0	1
0	139606	0	1
0	139716	0	1
0	139799	0	1
0	139879	0	1
0	139957	0	1
0	140028	0	1
0	140070	0	1
0	140168	0	1
0	140507	0	1
0	140675	0	1
0	140709	0	1
0	140802	0	1
0	140952	0	1
0	141073	0	1
0	141128	0	1
0	141253	0	1
0	141396	0	1
0	141428	0	1
0	141501	0	1
0	141565	0	1
0	141649	0	1
0	141752	0	1
0	141902	0	1
0	141991	0	1
0	142054	0	1
0	142186	0	1
0	142295	0	1
0	142353	0	1
0	142435	0	1
0	142549	0	1
0	142761	0	1
0	142853	0	1
0	142910	0	1
0	143043	0	1
0	143204	0	1
0	143254	0	1
0	143409	0	1
0	143513	0	1
0	143651	0	1
0	143749	0	1
0	143811	0	1
0	143907	0	1
0	143990	0	1
0	144050	0	1
0	144147	0	1
0	144251	0	1
0	144459	0	1
0	144567	0	1
0	144805	0	1
0	144937	0	1
0	145065	0	1
0	145200	0	1
0	145276	0	1
0	145445	0	1
0	145510	0	1
0	145600	0	1
0	145675	0	1
0	145744	0	1
0	145808	0	1
0	145864	0	1
0	146021	0	1
0	146081	0	1
0	146267	0	1
0	146342	0	1
0	146389	0	1
0	146589	0	1
0	146646	0	1
0	146757	0	1
0	146809	0	1
0	146873	0	1
0	146990	0	1
0	147061	0	1
0	147153	0	1
0	147311	0	1
0	147425	0	1
0	147479	0	1
0	147529	0	1
0	147718	0	1
0	147857	0	1
0	147993	0	1
0	148055	0	1
0	148149	0	1
0	148322	0	1
0	148398	0	1
0	148500	0	1
0	148618	0	1
0	148666	0	1
0	148730	0	1
0	148788	0	1
0	148869	0	1
0	148928	0	1
0	149026	0	1
0	149130	0	1
0	149298	0	1
0	149358	0	1
0	149512	0	1
0	149603	0	1
0	149716	0	1
0	149779	0	1
0	149892	0	1
0	150005	0	1
0	150276	0	1
0	150425	0	1
0	150501	0	1
0	150586	0	1
0	150628	0	1
0	150809	0	1
0	150941	0	1
0	151018	0	1
0	151122	0	1
0	151208	0	1
0	151308	0	1
0	151375	0	1
0	151460	0	1
0	151526	0	1
0	151649	0	1
0	151739	0	1
0	151887	0	1
0	152042	0	1
0	152162	0	1
0	152233	0	1
0	152370	0	1
0	152452	0	1
0	152512	0	1
0	152640	0	1
0	152725	0	1
0	152811	0	1
0	152875	0	1
0	152967	0	1
0	153099	0	1
0	153164	0	1
0	153274	0	1
0	153350	0	1
0	153416	0	1
0	153707	0	1
0	153821	0	1
0	153882	0	1
0	154028	0	1
0	154125	0	1
0	154201	0	1
0	154310	0	1
0	154390	0	1
0	154525	0	1
0	154585	0	1
0	154649	0	1
0	154724	0	1
0	154802	0	1
0	154854	0	1
0	155032	0	1
0	155096	0	1
0	155248	0	1
0	155355	0	1
0	155448	0	1
0	155538	0	1
0	155589	0	1
0	155698	0	1
0	155850	0	1
0	155990	0	1
0	156022	0	1
0	156363	0	1
0	156474	0	1
0	156516	0	1
0	156701	0	1
0	156775	0	1
0	156888	0	1
0	156997	0	1
0	157092	0	1
0	157260	0	1
0	157493	0	1
0	157588	0	1
0	157714	0	1
0	157779	0	1
0	157897	0	1
0	158021	0	1
0	158083	0	1
0	158194	0	1
0	158303	0	1
0	158360	0	1
0	158452	0	1
0	158582	0	1
0	158664	0	1
0	158724	0	1
0	158848	0	1
0	158910	0	1
0	159046	0	1
0	159179	0	1
0	159304	0	1
0	159399	0	1
0	159453	0	1
0	159530	0	1
0	159618	0	1
0	159678	0	1
0	159809	0	1
0	159943	0	1
0	160218	0	1
0	160331	0	1
0	160428	0	1
0	160519	0	1
0	160599	0	1
0	160732	0	1
0	160835	0	1
0	160887	0	1
0	160965	0	1
0	161055	0	1
0	161191	0	1
0	161333	0	1
0	161445	0	1
0	161538	0	1
0	161641	0	1
0	161735	0	1
0	161791	0	1
0	161928	0	1
0	161980	0	1
0	162143	0	1
0	162255	0	1
0	162349	0	1
0	162424	0	1
0	162524	0	1
0	162682	0	1
0	162779	0	1
0	162849	0	1
0	162936	0	1
0	163113	0	1
0	163145	0	1
0	163212	0	1
0	163291	0	1
0	163346	0	1
0	163427	0	1
0	163525	0	1
0	163640	0	1
0	163724	0	1
0	163881	0	1
0	163964	0	1
0	164137	0	1
0	164226	0	1
0	164301	0	1
0	164414	0	1
0	164638	0	1
0	164809	0	1
0	164914	0	1
0	165049	0	1
0	165191	0	1
0	165223	0	1
0	165346	0	1
0	165410	0	1
0	165493	0	1
0	165579	0	1
0	165771	0	1
0	165831	0	1
0	165898	0	1
0	166008	0	1
0	166131	0	1
0	166187	0	1
0	166269	0	1
0	166409	0	1
0	166616	0	1
0	166656	0	1
0	166765	0	1
0	166898	0	1
0	166952	0	1
0	167082	0	1
0	167148	0	1
0	167273	0	1
0	167422	0	1
0	167507	0	1
0	167622	0	1
0	167663	0	1
0	167744	0	1
0	167816	0	1
0	167979	0	1
0	168106	0	1
0	168188	0	1
0	168271	0	1
0	168383	0	1
0	168439	0	1
0	168537	0	1
0	168647	0	1
0	168829	0	1
0	168863	0	1
0	168954	0	1
0	169138	0	1
0	169311	0	1
0	169468	0	1
0	169684	0	1
0	169754	0	1
0	169836	0	1
0	169876	0	1
0	170071	0	1
0	170138	0	1
0	170203	0	1
0	170265	0	1
0	170371	0	1
0	170507	0	1
0	170563	0	1
0	170662	0	1
0	170763	0	1
0	170972	0	1
0	171078	0	1
0	171216	0	1
0	171342	0	1
0	171376	0	1
0	171480	0	1
0	171559	0	1
0	171646	0	1
0	171750	0	1
0	171892	0	1
0	171989	0	1
0	172059	0	1
0	172140	0	1
0	172335	0	1
0	172444	0	1
0	172502	0	1
0	172568	0	1
0	172645	0	1
0	172730	0	1
0	172872	0	1
0	172962	0	1
0	173116	0	1
0	173343	0	1
0	173375	0	1
0	173555	0	1
0	173662	0	1
0	173752	0	1
0	173865	0	1
0	174110	0	1
0	174186	0	1
0	174365	0	1
0	174456	0	1
0	174516	0	1
0	174610	0	1
0	174683	0	1
0	174823	0	1
0	174911	0	1
0	175014	0	1
0	175082	0	1
0	175281	0	1
0	175335	0	1
0	175432	0	1
0	175470	0	1
0	175563	0	1
0	175659	0	1
0	175839	0	1
0	175968	0	1
0	176018	0	1
0	176189	0	1
0	176320	0	1
0	176391	0	1
0	176491	0	1
0	176551	0	1
0	176656	0	1
0	176722	0	1
0	176814	0	1
0	176887	0	1
0	176977	0	1
0	177037	0	1
0	177134	0	1
0	177245	0	1
0	177445	0	1
0	177651	0	1
0	177711	0	1
0	177807	0	1
0	177886	0	1
0	178021	0	1
0	178110	0	1
0	178180	0	1
0	178276	0	1
0	178457	0	1
0	178590	0	1
0	178632	0	1
0	178707	0	1
0	178862	0	1
0	179009	0	1
0	179094	0	1
0	179200	0	1
0	179306	0	1
0	179398	0	1
0	179436	0	1
0	179562	0	1
0	179631	0	1
0	179708	0	1
0	179881	0	1
0	179981	0	1
0	180070	0	1
0	180133	0	1
0	180242	0	1
0	180330	0	1
0	180390	0	1
0	180511	0	1
0	180697	0	1
0	180830	0	1
0	180870	0	1
0	181000	0	1
0	181137	0	1
0	181195	0	1
0	181325	0	1
0	181405	0	1
0	181548	0	1
0	181620	0	1
0	181757	0	1
0	181875	0	1
0	182008	0	1
0	182047	0	1
0	182201	0	1
0	182456	0	1
0	182588	0	1
0	182650	0	1
0	182768	0	1
0	182910	0	1
0	182977	0	1
0	183052	0	1
0	183189	0	1
0	183258	0	1
0	183402	0	1
0	183482	0	1
0	183575	0	1
0	183657	0	1
0	183803	0	1
0	183875	0	1
0	184078	0	1
0	184205	0	1
0	184247	0	1
0	184402	0	1
0	184471	0	1
0	184650	0	1
0	184743	0	1
0	184821	0	1
0	184897	0	1
0	184959	0	1
0	185075	0	1
0	185159	0	1
0	185233	0	1
0	185300	0	1
0	185503	0	1
0	185582	0	1
0	185644	0	1
0	185680	0	1
0	185903	0	1
0	185964	0	1
0	186066	0	1
0	186158	0	1
0	186232	0	1
0	186292	0	1
0	186373	0	1
0	186439	0	1
0	186521	0	1
0	186719	0	1
0	186787	0	1
0	186976	0	1
0	187046	0	1
0	187218	0	1
0	187353	0	1
0	187436	0	1
0	187515	0	1
0	187643	0	1
0	187772	0	1
0	187825	0	1
0	187901	0	1
0	187959	0	1
0	188250	0	1
0	188310	0	1
0	188385	0	1
0	188460	0	1
0	188550	0	1
0	188652	0	1
0	188774	0	1
0	188938	0	1
0	189089	0	1
0	189160	0	1
0	189240	0	1
0	189398	0	1
0	189500	0	1
0	189565	0	1
0	189670	0	1
0	189770	0	1
0	189812	0	1
0	189894	0	1
0	190102	0	1
0	190154	0	1
0	190255	0	1
0	190364	0	1
0	190436	0	1
0	190540	0	1
0	190642	0	1
0	190754	0	1
0	190861	0	1
0	190903	0	1
0	191030	0	1
0	191211	0	1
0	191278	0	1
0	191368	0	1
0	191548	0	1
0	191610	0	1
0	191672	0	1
0	191780	0	1
0	191894	0	1
0	191985	0	1
0	192142	0	1
0	192212	0	1
0	192385	0	1
0	192471	0	1
0	192562	0	1
0	192660	0	1
0	192927	0	1
0	192981	0	1
0	193043	0	1
0	193156	0	1
0	193283	0	1
0	193438	0	1
0	193543	0	1
0	193723	0	1
0	193765	0	1
0	193893	0	1
0	194060	0	1
0	194177	0	1
0	194403	0	1
0	194477	0	1
0	194558	0	1
0	194623	0	1
0	194718	0	1
0	194903	0	1
0	195030	0	1
0	195079	0	1
0	195232	0	1
0	195309	0	1
0	195417	0	1
0	195516	0	1
0	195568	0	1
0	195647	0	1
0	195717	0	1
0	195862	0	1
0	196012	0	1
0	196081	0	1
0	196239	0	1
0	196320	0	1
0	196475	0	1
0	196601	0	1
0	196666	0	1
0	196762	0	1
0	196871	0	1
0	196972	0	1
0	197076	0	1
0	197300	0	1
0	197380	0	1
0	197414	0	1
0	197475	0	1
0	197582	0	1
0	197660	0	1
0	197819	0	1
0	197952	0	1
0	198023	0	1
0	198154	0	1
0	198248	0	1
0	198299	0	1
0	198381	0	1
0	198461	0	1
0	198540	0	1
0	198626	0	1
0	198728	0	1
0	198860	0	1
0	198989	0	1
0	199053	0	1
0	199162	0	1
0	199242	0	1
0	199355	0	1
0	199455	0	1
0	199577	0	1
0	199779	0	1
0	199899	0	1
0	199961	0	1
0	200054	0	1
0	200229	0	1
0	200277	0	1
0	200379	0	1
0	200479	0	1
0	200658	0	1
0	200740	0	1
0	200818	0	1
0	200959	0	1
0	201090	0	1
0	201183	0	1
0	201349	0	1
0	201439	0	1
0	201529	0	1
0	201651	0	1
0	201683	0	1
0	201802	0	1
0	201934	0	1
0	202021	0	1
0	202191	0	1
0	202328	0	1
0	202400	0	1
0	202461	0	1
0	202575	0	1
0	202615	0	1
0	202749	0	1
0	202853	0	1
0	202932	0	1
0	202996	0	1
0	203111	0	1
0	203213	0	1
0	203336	0	1
0	203436	0	1
0	203503	0	1
0	203663	0	1
0	203767	0	1
0	203854	0	1
0	203934	0	1
0	204061	0	1
0	204203	0	1
0	204238	0	1
0	204351	0	1
0	204431	0	1
0	204487	0	1
0	204590	0	1
0	204766	0	1
0	204931	0	1
0	205060	0	1
0	205156	0	1
0	205272	0	1
0	205334	0	1
0	205412	0	1
0	205576	0	1
0	205666	0	1
0	205716	0	1
0	205809	0	1
0	205956	0	1
0	206045	0	1
0	206120	0	1
0	206229	0	1
0	206511	0	1
0	206722	0	1
0	206754	0	1
0	206883	0	1
0	206977	0	1
0	207027	0	1
0	207129	0	1
0	207294	0	1
0	207367	0	1
0	207441	0	1
0	207579	0	1
0	207684	0	1
0	207757	0	1
0	207855	0	1
0	207998	0	1
0	208038	0	1
0	208107	0	1
0	208193	0	1
0	208351	0	1
0	208496	0	1
0	208583	0	1
0	208769	0	1
0	208848	0	1
0	208931	0	1
0	208991	0	1
0	209086	0	1
0	209202	0	1
0	209256	0	1
0	209339	0	1
0	209437	0	1
0	209531	0	1
0	209628	0	1
0	209746	0	1
0	209816	0	1
0	209909	0	1
0	209992	0	1
0	210098	0	1
0	210219	0	1
0	210506	0	1
0	210595	0	1
0	210679	0	1
0	210864	0	1
0	210944	0	1
0	211160	0	1
0	211271	0	1
0	211331	0	1
0	211435	0	1
0	211517	0	1
0	211728	0	1
0	211874	0	1
0	212002	0	1
0	212046	0	1
0	212166	0	1
0	212224	0	1
0	212335	0	1
0	212439	0	1
0	212519	0	1
0	212602	0	1
0	212712	0	1
0	212820	0	1
0	212952	0	1
0	213033	0	1
0	213160	0	1
0	213301	0	1
0	213345	0	1
0	213444	0	1
0	213514	0	1
0	213655	0	1
0	213811	0	1
0	213883	0	1
0	213981	0	1
0	214273	0	1
0	214385	0	1
0	214439	0	1
0	214567	0	1
0	214650	0	1
0	214759	0	1
0	214842	0	1
0	214923	0	1
0	214971	0	1
0	215080	0	1
0	215242	0	1
0	215391	0	1
0	215532	0	1
0	215584	0	1
0	215697	0	1
0	215870	0	1
0	215959	0	1
0	216063	0	1
0	216106	0	1
0	216285	0	1
0	216386	0	1
0	216428	0	1
0	216554	0	1
0	216712	0	1
0	216749	0	1
0	216830	0	1
0	216919	0	1
0	217054	0	1
0	217115	0	1
0	217276	0	1
0	217414	0	1
0	217549	0	1
0	217703	0	1
0	217899	0	1
0	217987	0	1
0	218172	0	1
0	218235	0	1
0	218344	0	1
0	218426	0	1
0	218597	0	1
0	218645	0	1
0	218788	0	1
0	218978	0	1
0	219061	0	1
0	219193	0	1
0	219289	0	1
0	219474	0	1
0	219585	0	1
0	219627	0	1
0	219766	0	1
0	219848	0	1
0	220014	0	1
0	220140	0	1
0	220198	0	1
0	220289	0	1
0	220342	0	1
0	220396	0	1
0	220528	0	1
0	220579	0	1
0	220641	0	1
0	220822	0	1
0	220906	0	1
0	221011	0	1
0	221182	0	1
0	221315	0	1
0	221375	0	1
0	221437	0	1
0	221473	0	1
0	221572	0	1
0	221660	0	1
0	221728	0	1
0	221805	0	1
0	221993	0	1
0	222085	0	1
0	222149	0	1
0	222383	0	1
0	222547	0	1
0	222727	0	1
0	222921	0	1
0	223005	0	1
0	223171	0	1
0	223214	0	1
0	223398	0	1
0	223498	0	1
0	223584	0	1
0	223726	0	1
0	223778	0	1
0	224007	0	1
0	224055	0	1
0	224166	0	1
0	224339	0	1
0	224466	0	1
0	224570	0	1
0	224630	0	1
0	224698	0	1
0	224778	0	1
0	224848	0	1
0	224900	0	1
0	225100	0	1
0	225359	0	1
0	225496	0	1
0	225550	0	1
0	225627	0	1
0	225721	0	1
0	225836	0	1
0	225904	0	1
0	226001	0	1
0	226085	0	1
0	226163	0	1
0	226292	0	1
0	226422	0	1
0	226461	0	1
0	226561	0	1
0	226639	0	1
0	226693	0	1
0	226809	0	1
0	227004	0	1
0	227109	0	1
0	227168	0	1
0	227296	0	1
0	227433	0	1
0	227480	0	1
0	227641	0	1
0	227741	0	1
0	227878	0	1
0	227925	0	1
0	227987	0	1
0	228040	0	1
0	228092	0	1
0	228166	0	1
0	228252	0	1
0	228302	0	1
0	228430	0	1
0	228619	0	1
0	228679	0	1
0	228779	0	1
0	228849	0	1
0	228938	0	1
0	229088	0	1
0	229119	0	1
0	229238	0	1
0	229375	0	1
0	229551	0	1
0	229611	0	1
0	229714	0	1
0	229845	0	1
0	229931	0	1
0	229985	0	1
0	230091	0	1
0	230201	0	1
0	230270	0	1
0	230388	0	1
0	230482	0	1
0	230520	0	1
0	230607	0	1
0	230853	0	1
0	231000	0	1
0	231104	0	1
0	231199	0	1
0	231290	0	1
0	231426	0	1
0	231461	0	1
0	231570	0	1
0	231615	0	1
0	231699	0	1
0	231831	0	1
0	231937	0	1
0	231999	0	1
0	232150	0	1
0	232231	0	1
0	232387	0	1
0	232477	0	1
0	232604	0	1
0	232733	0	1
0	232765	0	1
0	232848	0	1
0	232936	0	1
0	233133	0	1
0	233231	0	1
0	233319	0	1
0	233378	0	1
0	233474	0	1
0	233539	0	1
0	233599	0	1
0	233739	0	1
0	233875	0	1
0	233988	0	1
0	234201	0	1
0	234279	0	1
0	234418	0	1
0	234532	0	1
0	234572	0	1
0	234641	0	1
0	234762	0	1
0	234832	0	1
0	234894	0	1
0	235005	0	1
0	235134	0	1
0	235192	0	1
0	235303	0	1
0	235381	0	1
0	235464	0	1
0	235527	0	1
0	235675	0	1
0	235759	0	1
0	235863	0	1
0	235934	0	1
0	236038	0	1
0	236177	0	1
0	236232	0	1
0	236319	0	1
0	236380	0	1
0	236450	0	1
0	236534	0	1
0	236621	0	1
0	236669	0	1
0	236746	0	1
0	236873	0	1
0	237015	0	1
0	237078	0	1
0	237245	0	1
0	237390	0	1
0	237459	0	1
0	237548	0	1
0	237608	0	1
0	237830	0	1
0	238070	0	1
0	238112	0	1
0	238190	0	1
0	238341	0	1
0	238429	0	1
0	238528	0	1
0	238720	0	1
0	238790	0	1
0	238876	0	1
0	238947	0	1
0	239096	0	1
0	239255	0	1
0	239299	0	1
0	239392	0	1
0	239473	0	1
0	239523	0	1
0	239668	0	1
0	239785	0	1
0	239857	0	1
0	239969	0	1
0	240076	0	1
0	240184	0	1
0	240292	0	1
0	240360	0	1
0	240466	0	1
0	240622	0	1
0	240664	0	1
0	240771	0	1
0	240960	0	1
0	241040	0	1
0	241207	0	1
0	241251	0	1
0	241365	0	1
0	241513	0	1
0	241590	0	1
0	241680	0	1
0	241798	0	1
0	241970	0	1
0	242110	0	1
0	242235	0	1
0	242275	0	1
0	242355	0	1
0	242502	0	1
0	242704	0	1
0	242785	0	1
0	242883	0	1
0	242993	0	1
0	243089	0	1
0	243205	0	1
0	243251	0	1
0	243335	0	1
0	243406	0	1
0	243498	0	1
0	243619	0	1
0	243731	0	1
0	243846	0	1
0	243976	0	1
0	244131	0	1
0	244168	0	1
0	244260	0	1
0	244351	0	1
0	244429	0	1
0	244546	0	1
0	244639	0	1
0	244722	0	1
0	244803	0	1
0	244907	0	1
0	245074	0	1
0	245233	0	1
0	245328	0	1
0	245378	0	1
0	245524	0	1
0	245614	0	1
0	245835	0	1
0	246050	0	1
0	246207	0	1
0	246290	0	1
0	246419	0	1
0	246558	0	1
0	246678	0	1
0	246928	0	1
0	247030	0	1
0	247124	0	1
0	247233	0	1
0	247362	0	1
0	247434	0	1
0	247518	0	1
0	247577	0	1
0	247642	0	1
0	247707	0	1
0	247812	0	1
0	247882	0	1
0	247973	0	1
0	248132	0	1
0	248217	0	1
0	248288	0	1
0	248348	0	1
0	248461	0	1
0	248552	0	1
0	248669	0	1
0	248763	0	1
0	248884	0	1
0	248994	0	1
0	249038	0	1
0	249139	0	1
0	249205	0	1
0	249257	0	1
0	249432	0	1
0	249533	0	1
0	249611	0	1
0	249759	0	1
0	249860	0	1
0	249941	0	1
0	249995	0	1
0	250162	0	1
0	250256	0	1
0	250288	0	1
0	250374	0	1
0	250458	0	1
0	250508	0	1
0	250616	0	1
0	250841	0	1
0	250895	0	1
0	250979	0	1
0	251037	0	1
0	251182	0	1
0	251269	0	1
0	251311	0	1
0	251391	0	1
0	251532	0	1
0	251721	0	1
0	251783	0	1
0	251900	0	1
0	252232	0	1
0	252284	0	1
0	252360	0	1
0	252482	0	1
0	252598	0	1
0	252726	0	1
0	252846	0	1
0	252899	0	1
0	252953	0	1
0	253029	0	1
0	253129	0	1
0	253241	0	1
0	253463	0	1
0	253522	0	1
0	253627	0	1
0	253739	0	1
0	253845	0	1
0	253902	0	1
0	254003	0	1
0	254079	0	1
0	254121	0	1
0	254200	0	1
0	254304	0	1
0	254376	0	1
0	254470	0	1
0	254623	0	1
0	254653	0	1
0	254765	0	1
0	255054	0	1
0	255106	0	1
0	255166	0	1
0	255301	0	1
0	255383	0	1
0	255471	0	1
0	255616	0	1
0	255679	0	1
0	255765	0	1
0	255853	0	1
0	255941	0	1
0	256041	0	1
0	256114	0	1
0	256253	0	1
0	256343	0	1
0	256465	0	1
0	256497	0	1
0	256635	0	1
0	256728	0	1
0	256806	0	1
0	256935	0	1
0	257028	0	1
0	257092	0	1
0	257205	0	1
0	257302	0	1
0	257433	0	1
0	257542	0	1
0	257766	0	1
0	257937	0	1
0	258018	0	1
0	258176	0	1
0	258290	0	1
0	258455	0	1
0	258622	0	1
0	258667	0	1
0	258824	0	1
0	258923	0	1
0	259052	0	1
0	259114	0	1
0	259181	0	1
0	259261	0	1
0	259322	0	1
0	259466	0	1
0	259543	0	1
0	259593	0	1
0	259710	0	1
0	259880	0	1
0	260031	0	1
0	260135	0	1
0	260186	0	1
0	260267	0	1
0	260385	0	1
0	260420	0	1
0	260520	0	1
0	260612	0	1
0	260865	0	1
0	261034	0	1
0	261129	0	1
0	261287	0	1
0	261373	0	1
0	261436	0	1
0	261527	0	1
0	261609	0	1
0	261670	0	1
0	261773	0	1
0	261853	0	1
0	261981	0	1
0	262021	0	1
0	262266	0	1
0	262349	0	1
0	262437	0	1
0	262533	0	1
0	262618	0	1
0	262748	0	1
0	262812	0	1
0	262950	0	1
0	263013	0	1
0	263077	0	1
0	263157	0	1
0	263266	0	1
0	263324	0	1
0	263435	0	1
0	263632	0	1
0	263708	0	1
0	263812	0	1
0	263881	0	1
0	264030	0	1
0	264150	0	1
0	264210	0	1
0	264248	0	1
0	264349	0	1
0	264429	0	1
0	264481	0	1
0	264659	0	1
0	264721	0	1
0	264811	0	1
0	264938	0	1
0	265057	0	1
0	265123	0	1
0	265183	0	1
0	265300	0	1
0	265517	0	1
0	265612	0	1
0	265702	0	1
0	265934	0	1
0	266123	0	1
0	266163	0	1
0	266300	0	1
0	266392	0	1
0	266553	0	1
0	266596	0	1
0	266760	0	1
0	266891	0	1
0	266998	0	1
0	267073	0	1
0	267185	0	1
0	267295	0	1
0	267325	0	1
0	267399	0	1
0	267537	0	1
0	267641	0	1
0	267716	0	1
0	267811	0	1
0	267880	0	1
0	267914	0	1
0	268012	0	1
0	268111	0	1
0	268309	0	1
0	268473	0	1
0	268676	0	1
0	268758	0	1
0	268834	0	1
0	268943	0	1
0	269148	0	1
0	269235	0	1
0	269325	0	1
0	269369	0	1
0	269517	0	1
0	269576	0	1
0	269658	0	1
0	269737	0	1
0	269779	0	1
0	269861	0	1
0	270040	0	1
0	270208	0	1
0	270250	0	1
0	270398	0	1
0	270493	0	1
0	270627	0	1
0	270684	0	1
0	270885	0	1
0	270949	0	1
0	271045	0	1
0	271118	0	1
0	271296	0	1
0	271402	0	1
0	271462	0	1
0	271566	0	1
0	271635	0	1
0	271733	0	1
0	271798	0	1
0	271963	0	1
0	272061	0	1
0	272099	0	1
0	272196	0	1
0	272294	0	1
0	272380	0	1
0	272469	0	1
0	272571	0	1
0	272647	0	1
0	272689	0	1
0	272781	0	1
0	272929	0	1
0	273073	0	1
0	273156	0	1
0	273255	0	1
0	273364	0	1
0	273398	0	1
0	273543	0	1
0	273687	0	1
0	273744	0	1
0	273816	0	1
0	273907	0	1
0	273997	0	1
0	274075	0	1
0	274175	0	1
0	274250	0	1
0	274292	0	1
0	274427	0	1
0	274558	0	1
0	274634	0	1
0	274738	0	1
0	274849	0	1
0	275029	0	1
0	275282	0	1
0	275377	0	1
0	275703	0	1
0	275785	0	1
0	275894	0	1
0	275966	0	1
0	276068	0	1
0	276173	0	1
0	276282	0	1
0	276390	0	1
0	276442	0	1
0	276589	0	1
0	276665	0	1
0	276788	0	1
0	276868	0	1
0	276954	0	1
0	277038	0	1
0	277116	0	1
0	277224	0	1
0	277384	0	1
0	277422	0	1
0	277468	0	1
0	277537	0	1
0	277576	0	1
0	277683	0	1
0	277739	0	1
0	277847	0	1
0	277899	0	1
0	278020	0	1
0	278093	0	1
0	278315	0	1
0	278408	0	1
0	278477	0	1
0	278705	0	1
0	278736	0	1
0	278860	0	1
0	278955	0	1
0	278989	0	1
0	279093	0	1
0	279223	0	1
0	279300	0	1
0	279392	0	1
0	279482	0	1
0	279577	0	1
0	279694	0	1
0	279770	0	1
0	279867	0	1
0	279988	0	1
0	280078	0	1
0	280137	0	1
0	280227	0	1
0	280364	0	1
0	280441	0	1
0	280584	0	1
0	280675	0	1
0	280814	0	1
0	280965	0	1
0	281046	0	1
0	281195	0	1
0	281283	0	1
0	281380	0	1
0	281496	0	1
0	281645	0	1
0	281728	0	1
0	281802	0	1
0	281875	0	1
0	281925	0	1
0	281989	0	1
0	282098	0	1
0	282192	0	1
0	282355	0	1
0	282391	0	1
0	282601	0	1
0	282712	0	1
0	282775	0	1
0	282871	0	1
0	282938	0	1
0	283002	0	1
0	283067	0	1
0	283145	0	1
0	283228	0	1
0	283432	0	1
0	283549	0	1
0	283609	0	1
0	283668	0	1
0	283890	0	1
0	284019	0	1
0	284170	0	1
0	284210	0	1
0	284355	0	1
0	284417	0	1
0	284516	0	1
0	284580	0	1
0	284683	0	1
0	284745	0	1
0	284958	0	1
0	284986	0	1
0	285127	0	1
0	285354	0	1
0	285442	0	1
0	285472	0	1
0	285541	0	1
0	285674	0	1
0	285762	0	1
0	285836	0	1
0	285925	0	1
0	285959	0	1
0	286023	0	1
0	286193	0	1
0	286270	0	1
0	286534	0	1
0	286638	0	1
0	286756	0	1
0	286891	0	1
0	286971	0	1
0	287072	0	1
0	287154	0	1
0	287196	0	1
0	287286	0	1
0	287411	0	1
0	287526	0	1
0	287613	0	1
0	287798	0	1
0	287908	0	1
0	287958	0	1
0	288082	0	1
0	288181	0	1
0	288410	0	1
0	288442	0	1
0	288548	0	1
0	288634	0	1
0	288793	0	1
0	288903	0	1
0	288938	0	1
0	289057	0	1
0	289141	0	1
0	289203	0	1
0	289315	0	1
0	289424	0	1
0	289498	0	1
0	289611	0	1
0	289830	0	1
0	289912	0	1
0	290023	0	1
0	290121	0	1
0	290262	0	1
0	290368	0	1
0	290475	0	1
0	290688	0	1
0	290807	0	1
0	290931	0	1
0	291013	0	1
0	291130	0	1
0	291180	0	1
0	291270	0	1
0	291358	0	1
0	291529	0	1
0	291638	0	1
0	291711	0	1
0	291820	0	1
0	291948	0	1
0	292045	0	1
0	292160	0	1
0	292241	0	1
0	292355	0	1
0	292453	0	1
0	292507	0	1
0	292661	0	1
0	292753	0	1
0	292791	0	1
0	292909	0	1
0	293036	0	1
0	293160	0	1
0	293214	0	1
0	293332	0	1
0	293582	0	1
0	293766	0	1
0	293838	0	1
0	293949	0	1
0	294007	0	1
0	294075	0	1
0	294214	0	1
0	294264	0	1
0	294416	0	1
0	294526	0	1
0	294629	0	1
0	294733	0	1
0	294823	0	1
0	294935	0	1
0	295020	0	1
0	295075	0	1
0	295213	0	1
0	295358	0	1
0	295451	0	1
0	295504	0	1
0	295592	0	1
0	295668	0	1
0	295796	0	1
0	295907	0	1
0	296034	0	1
0	296076	0	1
0	296201	0	1
0	296288	0	1
0	296344	0	1
0	296414	0	1
0	296498	0	1
0	296575	0	1
0	296613	0	1
0	296747	0	1
0	296893	0	1
0	296949	0	1
0	297087	0	1
0	297115	0	1
0	297238	0	1
0	297367	0	1
0	297467	0	1
0	297546	0	1
0	297709	0	1
0	297749	0	1
0	297872	0	1
0	297957	0	1
0	298122	0	1
0	298370	0	1
0	298543	0	1
0	298634	0	1
0	298706	0	1
0	298841	0	1
0	298951	0	1
0	299001	0	1
0	299086	0	1
0	299142	0	1
0	299335	0	1
0	299422	0	1
0	299485	0	1
0	299613	0	1
0	299724	0	1
0	299822	0	1
0	299904	0	1
0	300018	0	1
0	300171	0	1
0	300213	0	1
0	300267	0	1
0	300419	0	1
0	300490	0	1
0	300576	0	1
0	300678	0	1
0	300783	0	1
0	300841	0	1
0	300949	0	1
0	300986	0	1
0	301076	0	1
0	301158	0	1
0	301327	0	1
0	301454	0	1
0	301545	0	1
0	301684	0	1
0	301831	0	1
0	301936	0	1
0	301981	0	1
0	302070	0	1
0	302173	0	1
0	302213	0	1
0	302325	0	1
0	302460	0	1
0	302601	0	1
0	302656	0	1
0	302788	0	1
0	302873	0	1
0	303008	0	1
0	303068	0	1
0	303160	0	1
0	303299	0	1
0	303407	0	1
0	303568	0	1
0	303662	0	1
0	303781	0	1
0	303851	0	1
0	303973	0	1
0	304043	0	1
0	304085	0	1
0	304167	0	1
0	304271	0	1
0	304423	0	1
0	304473	0	1
0	304621	0	1
0	304884	0	1
0	304955	0	1
0	305007	0	1
0	305128	0	1
0	305280	0	1
0	305382	0	1
0	305525	0	1
0	305592	0	1
0	305685	0	1
0	305836	0	1
0	305919	0	1
0	306032	0	1
0	306143	0	1
0	306214	0	1
0	306322	0	1
0	306428	0	1
0	306460	0	1
0	306542	0	1
0	306628	0	1
0	306913	0	1
0	306973	0	1
0	307126	0	1
0	307202	0	1
0	307309	0	1
0	307350	0	1
0	307435	0	1
0	307607	0	1
0	307664	0	1
0	307747	0	1
0	307833	0	1
0	307959	0	1
0	308016	0	1
0	308167	0	1
0	308261	0	1
0	308347	0	1
0	308494	0	1
0	308546	0	1
0	308683	0	1
0	308794	0	1
0	308867	0	1
0	309015	0	1
0	309207	0	1
0	309362	0	1
0	309465	0	1
0	309564	0	1
0	309766	0	1
0	309826	0	1
0	309896	0	1
0	310015	0	1
0	310075	0	1
0	310186	0	1
0	310234	0	1
0	310300	0	1
0	310366	0	1
0	310616	0	1
0	310658	0	1
0	310750	0	1
0	310890	0	1
0	311025	0	1
0	311146	0	1
0	311189	0	1
0	311280	0	1
0	311378	0	1
0	311412	0	1
0	311514	0	1
0	311612	0	1
0	311681	0	1
0	311773	0	1
0	311849	0	1
0	312026	0	1
0	312088	0	1
0	312156	0	1
0	312386	0	1
0	312426	0	1
0	312532	0	1
0	312703	0	1
0	312778	0	1
0	312913	0	1
0	313048	0	1
0	313123	0	1
0	313294	0	1
0	313332	0	1
0	313384	0	1
0	313450	0	1
0	313483	0	1
0	313602	0	1
0	313657	0	1
0	313772	0	1
0	313841	0	1
0	313909	0	1
0	313976	0	1
0	314189	0	1
0	314223	0	1
0	314320	0	1
0	314521	0	1
0	314570	0	1
0	314691	0	1
0	314852	0	1
0	314987	0	1
0	315103	0	1
0	315170	0	1
0	315234	0	1
0	315318	0	1
0	315413	0	1
0	315538	0	1
0	315612	0	1
0	315664	0	1
0	315868	0	1
0	315953	0	1
0	316025	0	1
0	316134	0	1
0	316250	0	1
0	316381	0	1
0	316447	0	1
0	316481	0	1
0	316570	0	1
0	316693	0	1
0	316873	0	1
0	316940	0	1
0	317333	0	1
0	317403	0	1
0	317494	0	1
0	317574	0	1
0	317703	0	1
0	317804	0	1
0	317846	0	1
0	317977	0	1
0	318061	0	1
0	318143	0	1
0	318175	0	1
0	318284	0	1
0	318350	0	1
0	318418	0	1
0	318563	0	1
0	318720	0	1
0	318808	0	1
0	319040	0	1
0	319080	0	1
0	319158	0	1
0	319196	0	1
0	319224	0	1
0	319506	0	1
0	319554	0	1
0	319650	0	1
0	319690	0	1
0	319764	0	1
0	319800	0	1
0	319926	0	1
0	319987	0	1
0	320318	0	1
0	320368	0	1
0	320484	0	1
0	320607	0	1
0	320661	0	1
0	320751	0	1
0	320877	0	1
0	320972	0	1
0	321117	0	1
0	321187	0	1
0	321271	0	1
0	321400	0	1
0	321442	0	1
0	321524	0	1
0	321704	0	1
0	321829	0	1
0	321883	0	1
0	321960	0	1
0	322118	0	1
0	322153	0	1
0	322309	0	1
0	322378	0	1
0	322456	0	1
0	322516	0	1
0	322710	0	1
0	322778	0	1
0	322866	0	1
0	323026	0	1
0	323153	0	1
0	323195	0	1
0	323356	0	1
0	323486	0	1
0	323607	0	1
0	323649	0	1
0	323782	0	1
0	324044	0	1
0	324141	0	1
0	324230	0	1
0	324412	0	1
0	324532	0	1
0	324594	0	1
0	324685	0	1
0	324824	0	1
0	324940	0	1
0	325012	0	1
0	325105	0	1
0	325220	0	1
0	325282	0	1
0	325345	0	1
0	325456	0	1
0	325512	0	1
0	325582	0	1
0	325664	0	1
0	325776	0	1
0	325844	0	1
0	326009	0	1
0	326097	0	1
0	326189	0	1
0	326277	0	1
0	326419	0	1
0	326619	0	1
0	326685	0	1
0	326764	0	1
0	326906	0	1
0	327227	0	1
0	327316	0	1
0	327599	0	1
0	327694	0	1
0	327803	0	1
0	327911	0	1
0	328013	0	1
0	328145	0	1
0	328223	0	1
0	328285	0	1
0	328391	0	1
0	328494	0	1
0	328560	0	1
0	328627	0	1
0	328717	0	1
0	328789	0	1
0	328914	0	1
0	329074	0	1
0	329258	0	1
0	329332	0	1
0	329437	0	1
0	329469	0	1
0	329569	0	1
0	329701	0	1
0	329766	0	1
0	329943	0	1
0	329989	0	1
0	330059	0	1
0	330089	0	1
0	330158	0	1
0	330262	0	1
0	330358	0	1
0	330425	0	1
0	330533	0	1
0	330629	0	1
0	330712	0	1
0	330786	0	1
0	330888	0	1
0	331000	0	1
0	331215	0	1
0	331315	0	1
0	331395	0	1
0	331576	0	1
0	331645	0	1
0	331706	0	1
0	331810	0	1
0	331908	0	1
0	332070	0	1
0	332244	0	1
0	332315	0	1
0	332465	0	1
0	332503	0	1
0	332620	0	1
0	332900	0	1
0	333003	0	1
0	333081	0	1
0	333155	0	1
0	333304	0	1
0	333439	0	1
0	333526	0	1
0	333605	0	1
0	333680	0	1
0	333777	0	1
0	333831	0	1
0	333984	0	1
0	334096	0	1
0	334185	0	1
0	334319	0	1
0	334412	0	1
0	334494	0	1
0	334560	0	1
0	334707	0	1
0	334759	0	1
0	334831	0	1
0	334891	0	1
0	334990	0	1
0	335067	0	1
0	335230	0	1
0	335309	0	1
0	335417	0	1
0	335540	0	1
0	335644	0	1
0	335739	0	1
0	335807	0	1
0	335897	0	1
0	336035	0	1
0	336147	0	1
0	336213	0	1
0	336368	0	1
0	336485	0	1
0	336567	0	1
0	336641	0	1
0	336892	0	1
0	336991	0	1
0	337100	0	1
0	337208	0	1
0	337310	0	1
0	337399	0	1
0	337433	0	1
0	337510	0	1
0	337625	0	1
0	337700	0	1
0	337816	0	1
0	338052	0	1
0	338171	0	1
0	338224	0	1
0	338411	0	1
0	338535	0	1
0	338575	0	1
0	338660	0	1
0	338728	0	1
0	338904	0	1
0	338932	0	1
0	339013	0	1
0	339132	0	1
0	339345	0	1
0	339425	0	1
0	339566	0	1
0	339733	0	1
0	339811	0	1
0	339920	0	1
0	340000	0	1
0	340183	0	1
0	340228	0	1
0	340377	0	1
0	340523	0	1
0	340612	0	1
0	340721	0	1
0	340831	0	1
0	340975	0	1
0	341056	0	1
0	341170	0	1
0	341205	0	1
0	341310	0	1
0	341362	0	1
0	341432	0	1
0	341492	0	1
0	341608	0	1
0	341691	0	1
0	341805	0	1
0	341925	0	1
0	342021	0	1
0	342110	0	1
0	342175	0	1
0	342253	0	1
0	342360	0	1
0	342664	0	1
0	342739	0	1
0	342801	0	1
0	342885	0	1
0	343086	0	1
0	343277	0	1
0	343399	0	1
0	343429	0	1
0	343640	0	1
0	343760	0	1
0	343830	0	1
0	343954	0	1
0	344023	0	1
0	344077	0	1
0	344184	0	1
0	344354	0	1
0	344469	0	1
0	344559	0	1
0	344664	0	1
0	344784	0	1
0	344893	0	1
0	345105	0	1
0	345160	0	1
0	345297	0	1
0	345403	0	1
0	345457	0	1
0	345534	0	1
0	345629	0	1
0	345725	0	1
0	345833	0	1
0	345919	0	1
0	345978	0	1
0	346091	0	1
0	346151	0	1
0	346256	0	1
0	346296	0	1
0	346430	0	1
0	346533	0	1
0	346643	0	1
0	346704	0	1
0	346884	0	1
0	346944	0	1
0	347024	0	1
0	347064	0	1
0	347268	0	1
0	347334	0	1
0	347422	0	1
0	347672	0	1
0	347890	0	1
0	348003	0	1
0	348109	0	1
0	348219	0	1
0	348374	0	1
0	348509	0	1
0	348601	0	1
0	348697	0	1
0	348805	0	1
0	348911	0	1
0	348991	0	1
0	349056	0	1
0	349146	0	1
0	349226	0	1
0	349308	0	1
0	349471	0	1
0	349546	0	1
0	349634	0	1
0	349704	0	1
0	349840	0	1
0	349936	0	1
0	349999	0	1
0	350116	0	1
0	350223	0	1
0	350361	0	1
0	350449	0	1
0	350568	0	1
0	350642	0	1
0	350775	0	1
0	350869	0	1
0	351144	0	1
0	351223	0	1
0	351362	0	1
0	351485	0	1
0	351554	0	1
0	351623	0	1
0	351687	0	1
0	351769	0	1
0	351944	0	1
0	352079	0	1
0	352166	0	1
0	352279	0	1
0	352414	0	1
0	352487	0	1
0	352587	0	1
0	352667	0	1
0	352709	0	1
0	352771	0	1
0	352902	0	1
0	352957	0	1
0	353093	0	1
0	353190	0	1
0	353268	0	1
0	353377	0	1
0	353470	0	1
0	353554	0	1
0	353629	0	1
0	353661	0	1
0	353764	0	1
0	353875	0	1
0	354007	0	1
0	354146	0	1
0	354263	0	1
0	354317	0	1
0	354425	0	1
0	354508	0	1
0	354652	0	1
0	354709	0	1
0	354808	0	1
0	354969	0	1
0	355053	0	1
0	355110	0	1
0	355219	0	1
0	355323	0	1
0	355417	0	1
0	355482	0	1
0	355612	0	1
0	355718	0	1
0	355753	0	1
0	355912	0	1
0	355998	0	1
0	356032	0	1
0	356098	0	1
0	356229	0	1
0	356361	0	1
0	356440	0	1
0	356548	0	1
0	356608	0	1
0	356683	0	1
0	356837	0	1
0	356940	0	1
0	357120	0	1
0	357334	0	1
0	357429	0	1
0	357547	0	1
0	357665	0	1
0	357770	0	1
0	357823	0	1
0	357928	0	1
0	358004	0	1
0	358103	0	1
0	358158	0	1
0	358329	0	1
0	358413	0	1
0	358467	0	1
0	358545	0	1
0	358659	0	1
0	358747	0	1
0	358837	0	1
0	358931	0	1
0	359000	0	1
0	359206	0	1
0	359241	0	1
0	359409	0	1
0	359496	0	1
0	359654	0	1
0	359750	0	1
0	359993	0	1
0	360089	0	1
0	360230	0	1
0	360367	0	1
0	360456	0	1
0	360612	0	1
0	360726	0	1
0	361011	0	1
0	361118	0	1
0	361235	0	1
0	361297	0	1
0	361355	0	1
0	361520	0	1
0	361586	0	1
0	361652	0	1
0	361741	0	1
0	361889	0	1
0	362042	0	1
0	362093	0	1
0	362245	0	1
0	362394	0	1
0	362456	0	1
0	362516	0	1
0	362591	0	1
0	362669	0	1
0	362762	0	1
0	362988	0	1
0	363059	0	1
0	363127	0	1
0	363215	0	1
0	363388	0	1
0	363456	0	1
0	363563	0	1
0	363673	0	1
0	363739	0	1
0	363867	0	1
0	363928	0	1
0	364032	0	1
0	364093	0	1
0	364149	0	1
0	364216	0	1
0	364295	0	1
0	364453	0	1
0	364590	0	1
0	364681	0	1
0	364826	0	1
0	364960	0	1
0	365182	0	1
0	365309	0	1
0	365418	0	1
0	365481	0	1
0	365509	0	1
0	365666	0	1
0	365719	0	1
0	365843	0	1
0	365951	0	1
0	366074	0	1
0	366170	0	1
0	366261	0	1
0	366337	0	1
0	366397	0	1
0	366485	0	1
0	366642	0	1
0	366774	0	1
0	366831	0	1
0	366961	0	1
0	367065	0	1
0	367107	0	1
0	367173	0	1
0	367275	0	1
0	367356	0	1
0	367402	0	1
0	367524	0	1
0	367601	0	1
0	367651	0	1
0	367836	0	1
0	367926	0	1
0	368044	0	1
0	368136	0	1
0	368187	0	1
0	368323	0	1
0	368403	0	1
0	368466	0	1
0	368604	0	1
0	368675	0	1
0	368789	0	1
0	368957	0	1
0	369063	0	1
0	369141	0	1
0	369301	0	1
0	369563	0	1
0	369622	0	1
0	369740	0	1
0	369833	0	1
0	369982	0	1
0	370036	0	1
0	370110	0	1
0	370232	0	1
0	370342	0	1
0	370409	0	1
0	370503	0	1
0	370592	0	1
0	370642	0	1
0	370708	0	1
0	370815	0	1
0	370951	0	1
0	371011	0	1
0	371168	0	1
0	371222	0	1
0	371351	0	1
0	371461	0	1
0	371590	0	1
0	371693	0	1
0	371800	0	1
0	371884	0	1
0	371952	0	1
0	372105	0	1
0	372197	0	1
0	372239	0	1
0	372318	0	1
0	372426	0	1
0	372496	0	1
0	372606	0	1
0	372755	0	1
0	372800	0	1
0	372846	0	1
0	372911	0	1
0	372969	0	1
0	373073	0	1
0	373149	0	1
0	373278	0	1
0	373392	0	1
0	373523	0	1
0	373615	0	1
0	373708	0	1
0	373770	0	1
0	373866	0	1
0	374143	0	1
0	374266	0	1
0	374334	0	1
0	374435	0	1
0	374482	0	1
0	374571	0	1
0	374689	0	1
0	374819	0	1
0	374911	0	1
0	374957	0	1
0	375039	0	1
0	375141	0	1
0	375217	0	1
0	375357	0	1
0	375506	0	1
0	375600	0	1
0	375662	0	1
0	375720	0	1
0	375830	0	1
0	375929	0	1
0	376010	0	1
0	376070	0	1
0	376170	0	1
0	376204	0	1
0	376299	0	1
0	376431	0	1
0	376526	0	1
0	376611	0	1
0	376791	0	1
0	376853	0	1
0	376904	0	1
0	377043	0	1
0	377124	0	1
0	377200	0	1
0	377327	0	1
0	377411	0	1
0	377459	0	1
0	377604	0	1
0	377776	0	1
0	377870	0	1
0	378051	0	1
0	378106	0	1
0	378256	0	1
0	378364	0	1
0	378467	0	1
0	378557	0	1
0	378658	0	1
0	378698	0	1
0	378780	0	1
0	378927	0	1
0	379079	0	1
0	379117	0	1
0	379313	0	1
0	379533	0	1
0	379633	0	1
0	379695	0	1
0	379791	0	1
0	379898	0	1
0	379999	0	1
0	380081	0	1
0	380225	0	1
0	380309	0	1
0	380399	0	1
0	380512	0	1
0	380682	0	1
0	380803	0	1
0	380909	0	1
0	380963	0	1
0	381060	0	1
0	381204	0	1
0	381287	0	1
0	381371	0	1
0	381444	0	1
0	381494	0	1
0	381565	0	1
0	381678	0	1
0	381772	0	1
0	381923	0	1
0	382017	0	1
0	382141	0	1
0	382175	0	1
0	382292	0	1
0	382583	0	1
0	382635	0	1
0	382702	0	1
0	382774	0	1
0	382879	0	1
0	382966	0	1
0	383012	0	1
0	383255	0	1
0	383307	0	1
0	383367	0	1
0	383471	0	1
0	383621	0	1
0	383731	0	1
0	383805	0	1
0	383962	0	1
0	384012	0	1
0	384148	0	1
0	384250	0	1
0	384431	0	1
0	384673	0	1
0	384735	0	1
0	384839	0	1
0	385009	0	1
0	385074	0	1
0	385221	0	1
0	385322	0	1
0	385477	0	1
0	385562	0	1
0	385643	0	1
0	385808	0	1
0	385884	0	1
0	385960	0	1
0	386076	0	1
0	386215	0	1
0	386288	0	1
0	386379	0	1
0	386444	0	1
0	386595	0	1
0	386702	0	1
0	386760	0	1
0	386843	0	1
0	386901	0	1
0	386968	0	1
0	387049	0	1
0	387144	0	1
0	387270	0	1
0	387413	0	1
0	387521	0	1
0	387571	0	1
0	387686	0	1
0	387809	0	1
0	387936	0	1
0	388016	0	1
0	388097	0	1
0	388237	0	1
0	388308	0	1
0	388428	0	1
0	388656	0	1
0	388865	0	1
0	388998	0	1
0	389073	0	1
0	389115	0	1
0	389311	0	1
0	389396	0	1
0	389450	0	1
0	389561	0	1
0	389658	0	1
0	389706	0	1
0	389930	0	1
0	389993	0	1
0	390140	0	1
0	390252	0	1
0	390294	0	1
0	390376	0	1
0	390518	0	1
0	390651	0	1
0	390741	0	1
0	390821	0	1
0	390889	0	1
0	391036	0	1
0	391167	0	1
0	391383	0	1
0	391532	0	1
0	391588	0	1
0	391659	0	1
0	391826	0	1
0	392018	0	1
0	392136	0	1
0	392221	0	1
0	392372	0	1
0	392443	0	1
0	392537	0	1
0	392710	0	1
0	392779	0	1
0	392859	0	1
0	392903	0	1
0	393022	0	1
0	393137	0	1
0	393348	0	1
0	393582	0	1
0	393670	0	1
0	393789	0	1
0	393884	0	1
0	393959	0	1
0	394053	0	1
0	394120	0	1
0	394273	0	1
0	394351	0	1
0	394503	0	1
0	394547	0	1
0	394602	0	1
0	394665	0	1
0	394723	0	1
0	394783	0	1
0	394937	0	1
0	394994	0	1
0	395125	0	1
0	395242	0	1
0	395333	0	1
0	395397	0	1
0	395449	0	1
0	395704	0	1
0	395764	0	1
0	395828	0	1
0	395872	0	1
0	396089	0	1
0	396131	0	1
0	396240	0	1
0	396360	0	1
0	396466	0	1
0	396563	0	1
0	396598	0	1
0	396751	0	1
0	396832	0	1
0	396874	0	1
0	397005	0	1
0	397105	0	1
0	397180	0	1
0	397342	0	1
0	397499	0	1
0	397557	0	1
0	397712	0	1
0	397929	0	1
0	398024	0	1
0	398189	0	1
0	398444	0	1
0	398515	0	1
0	398605	0	1
0	398665	0	1
0	398756	0	1
0	398839	0	1
0	398907	0	1
0	399038	0	1
0	399146	0	1
0	399234	0	1
0	399383	0	1
0	399489	0	1
0	399565	0	1
0	399625	0	1
0	399713	0	1
0	399873	0	1
0	399962	0	1
0	400066	0	1
0	400134	0	1
0	400223	0	1
0	400277	0	1
0	400373	0	1
0	400537	0	1
0	400631	0	1
0	400755	0	1
0	400829	0	1
0	400903	0	1
0	400991	0	1
0	401077	0	1
0	401182	0	1
0	401286	0	1
0	401336	0	1
0	401452	0	1
0	401609	0	1
0	401649	0	1
0	401718	0	1
0	401852	0	1
0	401914	0	1
0	401950	0	1
0	402092	0	1
0	402200	0	1
0	402267	0	1
0	402397	0	1
0	402491	0	1
0	402561	0	1
0	402639	0	1
0	402706	0	1
0	402770	0	1
0	402845	0	1
0	403001	0	1
0	403136	0	1
0	403205	0	1
0	403299	0	1
0	403456	0	1
0	403571	0	1
0	403663	0	1
0	403730	0	1
0	404025	0	1
0	404137	0	1
0	404229	0	1
0	404283	0	1
0	404387	0	1
0	404430	0	1
0	404536	0	1
0	404619	0	1
0	404693	0	1
0	404785	0	1
0	404864	0	1
0	405006	0	1
0	405072	0	1
0	405234	0	1
0	405347	0	1
0	405479	0	1
0	405629	0	1
0	405752	0	1
0	405838	0	1
0	405902	0	1
0	406018	0	1
0	406148	0	1
0	406231	0	1
0	406286	0	1
0	406367	0	1
0	406437	0	1
0	406503	0	1
0	406566	0	1
0	406671	0	1
0	406774	0	1
0	406881	0	1
0	407000	0	1
0	407101	0	1
0	407133	0	1
0	407249	0	1
0	407353	0	1
0	407398	0	1
0	407467	0	1
0	407601	0	1
0	407753	0	1
0	407808	0	1
0	407945	0	1
0	408046	0	1
0	408108	0	1
0	408170	0	1
0	408277	0	1
0	408434	0	1
0	408498	0	1
0	408683	0	1
0	408915	0	1
0	409091	0	1
0	409134	0	1
0	409321	0	1
0	409412	0	1
0	409524	0	1
0	409580	0	1
0	409711	0	1
0	409897	0	1
0	409937	0	1
0	410088	0	1
0	410188	0	1
0	410313	0	1
0	410385	0	1
0	410520	0	1
0	410609	0	1
0	410766	0	1
0	410937	0	1
0	411129	0	1
0	411227	0	1
0	411264	0	1
0	411376	0	1
0	411478	0	1
0	411561	0	1
0	411613	0	1
0	411702	0	1
0	411790	0	1
0	411901	0	1
0	411984	0	1
0	412106	0	1
0	412196	0	1
0	412289	0	1
0	412487	0	1
0	412556	0	1
0	412668	0	1
0	412748	0	1
0	412866	0	1
0	412957	0	1
0	412997	0	1
0	413093	0	1
0	413268	0	1
0	413340	0	1
0	413446	0	1
0	413737	0	1
0	413831	0	1
0	413977	0	1
0	414143	0	1
0	414224	0	1
0	414369	0	1
0	414485	0	1
0	414579	0	1
0	414655	0	1
0	414781	0	1
0	414879	0	1
0	414919	0	1
0	415053	0	1
0	415125	0	1
0	415179	0	1
0	415303	0	1
0	415426	0	1
0	415471	0	1
0	415570	0	1
0	415725	0	1
0	415834	0	1
0	415955	0	1
0	416012	0	1
0	416149	0	1
0	416294	0	1
0	416328	0	1
0	416410	0	1
0	416568	0	1
0	416759	0	1
0	416813	0	1
0	416922	0	1
0	417035	0	1
0	417146	0	1
0	417219	0	1
0	417366	0	1
0	417423	0	1
0	417501	0	1
0	417682	0	1
0	417876	0	1
0	417952	0	1
0	418032	0	1
0	418193	0	1
0	418284	0	1
0	418388	0	1
0	418451	0	1
0	418591	0	1
0	418674	0	1
0	418716	0	1
0	418808	0	1
0	418938	0	1
0	419035	0	1
0	419103	0	1
0	419279	0	1
0	419371	0	1
0	419421	0	1
0	419505	0	1
0	419629	0	1
0	419676	0	1
0	419779	0	1
0	419907	0	1
0	419949	0	1
0	420091	0	1
0	420260	0	1
0	420400	0	1
0	420432	0	1
0	420566	0	1
0	420665	0	1
0	420737	0	1
0	420817	0	1
0	420971	0	1
0	421040	0	1
0	421090	0	1
0	421164	0	1
0	421344	0	1
0	421409	0	1
0	421504	0	1
0	421668	0	1
